qemu-system-riscv64 -machine virt -bios none -kernel kernel/kernel -m 128M -smp 3 -nographic -global virtio-mmio.force-legacy=false -drive file=fs.img,if=none,format=raw,id=x0 -device virtio-blk-device,drive=x0,bus=virtio-mmio-bus.0

xv6 kernel is booting

hart 1 starting
hart 2 starting

page table 0x0000000087f6c000
-0 pte 0x0000000021fda001 pa 0x0000000087f68000
--0 pte 0x0000000021fd9c01 pa 0x0000000087f67000
---0 pte 0x0000000021fda41b pa 0x0000000087f69000 
---1 pte 0x0000000021fd9817 pa 0x0000000087f66000 
---2 pte 0x0000000021fd9407 pa 0x0000000087f65000 
---3 pte 0x0000000021fd9017 pa 0x0000000087f64000 
-255 pte 0x0000000021fdac01 pa 0x0000000087f6b000
--511 pte 0x0000000021fda801 pa 0x0000000087f6a000
---510 pte 0x0000000021fdd007 pa 0x0000000087f74000 
---511 pte 0x0000000020001c0b pa 0x0000000080007000 
init: starting sh
$ ls

1 3 13

2 3 13

3 3 13

4 3 13

5 3 13

6 3 13
.              1 1 9120
..             1
7 3 13
 1 9120
README         2 2 206
cat            2 3 33168
echo           2 4 32048
forktest       2 5 16112
grep           2 6 36600
init           2 7 32520
kill           2 8 31968
ln             2 9 31792
ls             2 10 35112
mkdir          2 11 32032
rm             2 12 32016

8 3 13
sh             2 13 54600
stressfs       2 14 32896
usertests      2 15 180648
grind          2 16 47776
wc             2 17 34096
zombie         2 18 31384
getfilenum     2 19 32056
useRandom      2 20 31728
ps             2 21 31472
console        3 22 0
stopfork
9 3 13
ing    2 23 0
x              2 24 1
q0             2 25 0
r0             2 26 0
s0             2 27 0
s;             2 28 0
r=             2 29 0
q:             2 30 0
qC             2 31 0

10 3 13
r?             2 32 0

11 3 13
p=             2 33 0
s<             2 34 0
r:             2 35 0
q=             2 36 0
q>             2 37 0
rC             2 38 0
qB             2 39 0
q@             2 40 0
s>             2 41 0

12 3 13
s?             2 42 0
r@             2 43 0
r>             2 44 0
rB             2 45 0
q;             2 46 0
sB             2 47 0

13 3 13
s:             2 48 0
q<             2 49 0

14 3 13
p?             2 50 0
r;             2 51 0
pA             2 52 0
q?             2 53 0
r<             2 54 0
s=             2 55 0
qA             2 56 0

15 3 13
pC             2 57 0
s@             2 58 0
p:             2 59 0
sA             2 60 0
p;             2 61 0
rA             2 62 0
p<             2 63 0

16 3 13

17 3 13

18 3 13
sC             2 64 0
p>             2 65 0
p@             2 66 0
pB             2 67 0
bigarg-ok      2 68 0

19 3 13

20 3 13

21 3 13

22 3 13

23 3 13

24 3 13

25 3 13

26 3 13

27 3 13
$ ps

1 4 31

2 4 31

3 4 31

4 4 31

5 4 31

6 4 31

pid=1 tickets=1 inuse=1 ticks=13

pid=2 tickets=7 inuse=1 ticks=15

pid=4 tickets=31 inuse=1 ticks=6

39 total tickets$ usertests

1 5 48

2 5 48

3 5 48

4 5 48

5 5 48

6 5 48

7 5 48

8 5 48

9 5 48

10 5 48

11 5 48

12 5 48

13 5 48

14 5 48

15 5 48

16 5 48

17 5 48

18 5 48

19 5 48

20 5 48

21 5 48

22 5 48

23 5 48

24 5 48

25 5 48

26 5 48

27 5 48

28 5 48

29 5 48

30 5 48

31 5 48

32 5 48

33 5 48

34 5 48

35 5 48

36 5 48

37 5 48

38 5 48

39 5 48

40 5 48

41 5 48

42 5 48
usertests starting

1 6 31

43 5 48

2 6 31

44 5 48

3 6 31

45 5 48

4 6 31

46 5 48

5 6 31

47 5 48

6 6 31

48 5 48

7 6 31

49 5 48

8 6 31

50 5 48

9 6 31

51 5 48

10 6 31

52 5 48

11 6 31

53 5 48

12 6 31

54 5 48

13 6 31

55 5 48

14 6 31

56 5 48

15 6 31

57 5 48

58 5 48

16 6 31

59 5 48

17 6 31

60 5 48

18 6 31

61 5 48

19 6 31

62 5 48

20 6 31

63 5 48

64 5 48

21 6 31

65 5 48

22 6 31

66 5 48

67 5 48

23 6 31

68 5 48

69 5 48

24 6 31

70 5 48

25 6 31

71 5 48

26 6 31

72 5 48

27 6 31

73 5 48

74 5 48

28 6 31

75 5 48

29 6 31

76 5 48

30 6 31

77 5 48

31 6 31

78 5 48

32 6 31

79 5 48

33 6 31

80 5 48

81 5 48

34 6 31

35 6 31

82 5 48

36 6 31

83 5 48

37 6 31

84 5 48

85 5 48

38 6 31

86 5 48

39 6 31

87 5 48

40 6 31

88 5 48

41 6 31

89 5 48

90 5 48

42 6 31

43 6 31

91 5 48

92 5 48

44 6 31

93 5 48

94 5 48

45 6 31

95 5 48

46 6 31

96 5 48

47 6 31

97 5 48

98 5 48

48 6 31

99 5 48

49 6 31

50 6 31

100 5 48

51 6 31

101 5 48

52 6 31

102 5 48

53 6 31

103 5 48

54 6 31

104 5 48

105 5 48

55 6 31

106 5 48

56 6 31

107 5 48

57 6 31

108 5 48

58 6 31

109 5 48

110 5 48

59 6 31

111 5 48

60 6 31

112 5 48

61 6 31

113 5 48

62 6 31

114 5 48

63 6 31

115 5 48

64 6 31

116 5 48

117 5 48

65 6 31

66 6 31

118 5 48

119 5 48

67 6 31

120 5 48

68 6 31

121 5 48

122 5 48

123 5 48

69 6 31

124 5 48

125 5 48

70 6 31

71 6 31

126 5 48

72 6 31

127 5 48

73 6 31

128 5 48

74 6 31

129 5 48

75 6 31

130 5 48

76 6 31

131 5 48
QEMU: Terminated
